27
1021       0.00000000 0.30239234 0.30389159 0.10092602 0.54887215 0.30040430 0.30143596 0.33022702 0.30039908 0.33203229 0.94387820 0.55078266 0.30041771 0.29947465 0.30001642 0.10084772 0.29760103 0.93209093 0.94107407 0.91262655 0.29989320 0.93695717 0.93810823 0.30388906 0.55252821 0.30312780 0.05326860 
3841       0.30239234 0.00000000 0.19124658 0.30382448 0.57066920 0.05954949 0.18979906 0.27151057 0.05477126 0.29330511 0.96421363 0.57047628 0.05949995 0.05658256 0.05840133 0.30318770 0.18172279 0.95491347 0.96084217 0.93234206 0.13073487 0.95539183 0.95558659 0.02114494 0.57267338 0.04491485 0.30905231 
CCGE532    0.30389159 0.19124658 0.00000000 0.30314196 0.56879519 0.19026425 0.04659435 0.28382871 0.19032012 0.29638708 0.96590421 0.56835692 0.19013869 0.18918076 0.18976994 0.30446409 0.08215968 0.95722226 0.95947485 0.93224032 0.19355659 0.95579942 0.95615728 0.19233697 0.57049274 0.19137716 0.31026705 
CCGM7      0.10092602 0.30382448 0.30314196 0.00000000 0.54907132 0.29922675 0.30018760 0.33175334 0.29875447 0.33164456 0.94640222 0.54996226 0.29940637 0.29852938 0.29867371 0.05184614 0.29577128 0.93236421 0.94388063 0.91663604 0.29797806 0.93904487 0.93978798 0.30507378 0.55290647 0.30468495 0.11192119 
CCNWGS0123 0.54887215 0.57066920 0.56879519 0.54907132 0.00000000 0.56624349 0.56615782 0.58127690 0.56534615 0.58128358 0.91439993 0.08557484 0.56594136 0.56490167 0.56500513 0.55098169 0.56538085 0.91355801 0.91654964 0.88952826 0.56795874 0.91279300 0.91446111 0.57167748 0.09091354 0.57020906 0.55442356 
CFN42      0.30040430 0.05954949 0.19026425 0.29922675 0.56624349 0.00000000 0.18828642 0.27357615 0.04061900 0.29136833 0.95840480 0.56623506 0.00522978 0.03856240 0.02479070 0.30052244 0.17958635 0.94650751 0.95413863 0.92650852 0.12965269 0.94990665 0.95050161 0.06068066 0.56914760 0.05509754 0.30765311 
CIAT899    0.30143596 0.18979906 0.04659435 0.30018760 0.56615782 0.18828642 0.00000000 0.28118598 0.18849909 0.29286971 0.96055162 0.56510573 0.18812122 0.18698764 0.18778113 0.30178290 0.08117873 0.95321947 0.95435960 0.92832132 0.19170967 0.94989783 0.95011334 0.19101521 0.56737958 0.18976419 0.30757554 
HAMBI540   0.33022702 0.27151057 0.28382871 0.33175334 0.58127690 0.27357615 0.28118598 0.00000000 0.27173945 0.26908800 0.97403148 0.58045194 0.27369158 0.27247234 0.27310517 0.33173720 0.27630287 0.96849605 0.96921247 0.93604530 0.27770422 0.96535900 0.96596391 0.27306993 0.58359501 0.27255617 0.33658446 
IE4803     0.30039908 0.05477126 0.19032012 0.29875447 0.56534615 0.04061900 0.18849909 0.27173945 0.00000000 0.28986834 0.95792905 0.56607220 0.04165918 0.02688012 0.04166285 0.30009869 0.17975353 0.94619743 0.95400431 0.92648078 0.12897355 0.94940284 0.95043293 0.05676518 0.56849629 0.05066450 0.30755405 
IRBG74     0.33203229 0.29330511 0.29638708 0.33164456 0.58128358 0.29136833 0.29286971 0.26908800 0.28986834 0.00000000 0.97090809 0.58132156 0.29147130 0.29060797 0.29135900 0.33151995 0.29082332 0.96059754 0.96557552 0.93334619 0.29491773 0.96099319 0.96052812 0.29507085 0.58393074 0.29393089 0.33872378 
LMTR13     0.94387820 0.96421363 0.96590421 0.94640222 0.91439993 0.95840480 0.96055162 0.97403148 0.95792905 0.97090809 0.00000000 0.91895059 0.95777024 0.95823553 0.95742878 0.94762755 0.96056412 0.77986293 0.21563386 0.69739171 0.96142271 0.17860072 0.18029600 0.96524704 0.92103341 0.96294456 0.95264524 
MAFF303099 0.55078266 0.57047628 0.56835692 0.54996226 0.08557484 0.56623506 0.56510573 0.58045194 0.56607220 0.58132156 0.91895059 0.00000000 0.56626384 0.56434188 0.56488825 0.55097882 0.56482190 0.91851209 0.91836650 0.89146864 0.56875845 0.91730738 0.91931256 0.57120713 0.05271220 0.56915195 0.55539591 
Mim1       0.30041771 0.05949995 0.19013869 0.29940637 0.56594136 0.00522978 0.18812122 0.27369158 0.04165918 0.29147130 0.95777024 0.56626384 0.00000000 0.03970256 0.02600170 0.30034846 0.17923526 0.94613881 0.95404039 0.92632524 0.12951726 0.94946945 0.95033477 0.06060102 0.56905755 0.05504965 0.30762151 
N161       0.29947465 0.05658256 0.18918076 0.29852938 0.56490167 0.03856240 0.18698764 0.27247234 0.02688012 0.29060797 0.95823553 0.56434188 0.03970256 0.00000000 0.03862530 0.29969862 0.17844804 0.94560187 0.95385673 0.92523493 0.12860752 0.94879110 0.94978931 0.05774945 0.56748417 0.05014035 0.30679596 
N561       0.30001642 0.05840133 0.18976994 0.29867371 0.56500513 0.02479070 0.18778113 0.27310517 0.04166285 0.29135900 0.95742878 0.56488825 0.02600170 0.03862530 0.00000000 0.30003832 0.17875025 0.94528336 0.95380305 0.92602525 0.12869202 0.94875747 0.95028945 0.05952081 0.56770715 0.05380525 0.30712677 
NGR234     0.10084772 0.30318770 0.30446409 0.05184614 0.55098169 0.30052244 0.30178290 0.33173720 0.30009869 0.33151995 0.94762755 0.55097882 0.30034846 0.29969862 0.30003832 0.00000000 0.29699894 0.93482116 0.94655949 0.91784500 0.30007656 0.94094357 0.94134530 0.30475991 0.55364376 0.30417451 0.11159030 
NXC24      0.29760103 0.18172279 0.08215968 0.29577128 0.56538085 0.17958635 0.08117873 0.27630287 0.17975353 0.29082332 0.96056412 0.56482190 0.17923526 0.17844804 0.17875025 0.29699894 0.00000000 0.95382045 0.95587850 0.92572518 0.18257320 0.95069010 0.95105072 0.18281253 0.56640766 0.18113254 0.30420402 
ORS2060    0.93209093 0.95491347 0.95722226 0.93236421 0.91355801 0.94650751 0.95321947 0.96849605 0.94619743 0.96059754 0.77986293 0.91851209 0.94613881 0.94560187 0.94528336 0.93482116 0.95382045 0.00000000 0.77611596 0.73384115 0.95665296 0.77733219 0.78042639 0.95684571 0.91897338 0.95304940 0.93859213 
ORS285     0.94107407 0.96084217 0.95947485 0.94388063 0.91654964 0.95413863 0.95435960 0.96921247 0.95400431 0.96557552 0.21563386 0.91836650 0.95404039 0.95385673 0.95380305 0.94655949 0.95587850 0.77611596 0.00000000 0.69446315 0.96027289 0.21051103 0.21270820 0.96195167 0.92042845 0.95889897 0.94965447 
ORS571     0.91262655 0.93234206 0.93224032 0.91663604 0.88952826 0.92650852 0.92832132 0.93604530 0.92648078 0.93334619 0.69739171 0.89146864 0.92632524 0.92523493 0.92602525 0.91784500 0.92572518 0.73384115 0.69446315 0.00000000 0.93324700 0.69892788 0.69986520 0.93350670 0.89289954 0.93072975 0.92069538 
R602       0.29989320 0.13073487 0.19355659 0.29797806 0.56795874 0.12965269 0.19170967 0.27770422 0.12897355 0.29491773 0.96142271 0.56875845 0.12951726 0.12860752 0.12869202 0.30007656 0.18257320 0.95665296 0.96027289 0.93324700 0.00000000 0.95401456 0.95466325 0.13228806 0.57190237 0.13197120 0.30640144 
USDA110    0.93695717 0.95539183 0.95579942 0.93904487 0.91279300 0.94990665 0.94989783 0.96535900 0.94940284 0.96099319 0.17860072 0.91730738 0.94946945 0.94879110 0.94875747 0.94094357 0.95069010 0.77733219 0.21051103 0.69892788 0.95401456 0.00000000 0.04418548 0.95523928 0.91941661 0.95340063 0.94379498 
USDA6      0.93810823 0.95558659 0.95615728 0.93978798 0.91446111 0.95050161 0.95011334 0.96596391 0.95043293 0.96052812 0.18029600 0.91931256 0.95033477 0.94978931 0.95028945 0.94134530 0.95105072 0.78042639 0.21270820 0.69986520 0.95466325 0.04418548 0.00000000 0.95564677 0.92163160 0.95443117 0.94533430 
WSM1325    0.30388906 0.02114494 0.19233697 0.30507378 0.57167748 0.06068066 0.19101521 0.27306993 0.05676518 0.29507085 0.96524704 0.57120713 0.06060102 0.05774945 0.05952081 0.30475991 0.18281253 0.95684571 0.96195167 0.93350670 0.13228806 0.95523928 0.95564677 0.00000000 0.57371304 0.04398360 0.31067067 
WSM2073    0.55252821 0.57267338 0.57049274 0.55290647 0.09091354 0.56914760 0.56737958 0.58359501 0.56849629 0.58393074 0.92103341 0.05271220 0.56905755 0.56748417 0.56770715 0.55364376 0.56640766 0.91897338 0.92042845 0.89289954 0.57190237 0.91941661 0.92163160 0.57371304 0.00000000 0.57123633 0.55745735 
WSM2304    0.30312780 0.04491485 0.19137716 0.30468495 0.57020906 0.05509754 0.18976419 0.27255617 0.05066450 0.29393089 0.96294456 0.56915195 0.05504965 0.05014035 0.05380525 0.30417451 0.18113254 0.95304940 0.95889897 0.93072975 0.13197120 0.95340063 0.95443117 0.04398360 0.57123633 0.00000000 0.31006604 
WSM419     0.05326860 0.30905231 0.31026705 0.11192119 0.55442356 0.30765311 0.30757554 0.33658446 0.30755405 0.33872378 0.95264524 0.55539591 0.30762151 0.30679596 0.30712677 0.11159030 0.30420402 0.93859213 0.94965447 0.92069538 0.30640144 0.94379498 0.94533430 0.31067067 0.55745735 0.31006604 0.00000000 
